tensor_size   100   100   100

tensor_rank    15    15    15

OS    30

conjugategradient	linesearchdefault

=============> beta: 1 <==============
 iter	                cost val	     grad. norm
    0	+5.9358628433949077e+08	1.70730159e+04
    1	+5.9356921151432419e+08	1.70726533e+04
    2	+5.9350092326868165e+08	1.70712062e+04
    3	+5.9322781936617756e+08	1.70654759e+04
    4	+5.9213620176703835e+08	1.70434812e+04
    5	+5.8778329986037076e+08	1.69703292e+04
    6	+5.7063503894577956e+08	1.69035364e+04
    7	+5.0792914612390316e+08	1.81170144e+04
    8	+3.1904873644118917e+08	1.57739990e+04
    9	+8.7720687070952356e+07	8.17244553e+03
   10	+4.9646043992467336e+07	6.38429709e+03
   11	+3.2001764728215739e+07	5.22027465e+03
   12	+2.5525202129985794e+07	4.42373848e+03
   13	+6.8656549768917616e+06	2.05800106e+03
   14	+2.9239617383966632e+06	1.56955550e+03
   15	+2.1676796149357967e+06	1.22314466e+03
   16	+3.5451042743872391e+05	3.28972103e+02
   17	+1.4221430727076888e+05	1.48818415e+02
   18	+1.1653724357396062e+05	1.65510878e+02
   19	+1.1639703769605691e+05	2.09393757e+02
   20	+1.1583787463334786e+05	2.08647509e+02
   21	+1.1361838764202128e+05	2.05558163e+02
   22	+1.0501881595526825e+05	1.93250732e+02
   23	+7.5295341074342636e+04	1.46768517e+02
   24	+3.7475570757876267e+04	1.38112039e+02
   25	+3.3491815216361414e+04	1.21018314e+02
   26	+2.1351858851909732e+04	9.30958508e+01
   27	+6.5645291137436925e+03	7.50462217e+01
   28	+4.9130447721617384e+03	4.85108894e+01
   29	+1.1030509069808472e+03	2.52434140e+01
   30	+2.3961031668359817e+02	1.33429867e+01
   31	+2.4716609876006398e+01	4.23205601e+00
   32	+3.8806806089118870e+00	1.75029616e+00
   33	+1.4430911774988626e+00	1.08238355e+00
   34	+8.6938356831678454e-01	8.88001954e-01
User defined stopfun criterion triggered. See options.stopfun.
Total time is 61.307161 [s] (excludes statsfun)


=============> beta: 0.3 <==============
 iter	                cost val	     grad. norm
    0	+5.9358628433949077e+08	1.70730159e+04
    1	+5.9356921151432419e+08	1.70726533e+04
    2	+5.9350092326868165e+08	1.70712062e+04
    3	+5.9322781936617756e+08	1.70654759e+04
    4	+5.9213620176703835e+08	1.70434812e+04
    5	+5.8778329986037076e+08	1.69703292e+04
    6	+5.7063503894577956e+08	1.69035364e+04
    7	+5.0767019963806438e+08	1.81534016e+04
    8	+3.1855504719524479e+08	1.59731939e+04
    9	+1.2633763250642040e+08	1.00902005e+04
   10	+6.8329963444407880e+07	7.76970899e+03
   11	+4.1789735378660247e+07	5.94047287e+03
   12	+9.4284888128929622e+06	2.77235947e+03
   13	+6.6261796119444314e+06	2.37705172e+03
   14	+7.2408677711823327e+05	6.20051155e+02
   15	+2.6560930236847576e+05	3.51547137e+02
   16	+1.5487851880243898e+05	2.26732000e+02
   17	+1.0666808989830461e+05	2.09729397e+02
   18	+9.5860388633232331e+04	2.48969404e+02
   19	+5.9037095555102373e+04	1.83048486e+02
   20	+5.3479138249889860e+04	2.18053991e+02
   21	+3.3677835227116157e+04	1.72005001e+02
   22	+1.0200383277579705e+04	9.87279110e+01
   23	+1.9791163458211829e+03	4.40870996e+01
   24	+1.7731626611895007e+02	1.15536199e+01
   25	+6.0318306395202676e+01	8.17705839e+00
   26	+2.1017675999326384e+00	1.15928446e+00
   27	+3.4183442446897438e-01	4.48299347e-01
User defined stopfun criterion triggered. See options.stopfun.
Total time is 47.957911 [s] (excludes statsfun)


=============> beta: 0.09 <==============
 iter	                cost val	     grad. norm
    0	+5.9358628433949077e+08	1.70730159e+04
    1	+5.9356921151432419e+08	1.70726533e+04
    2	+5.9350092326868165e+08	1.70712062e+04
    3	+5.9322781936617756e+08	1.70654759e+04
    4	+5.9213620176703835e+08	1.70434812e+04
    5	+5.8778329986037076e+08	1.69703292e+04
    6	+5.7063503894577956e+08	1.69035364e+04
    7	+5.0758571929468358e+08	1.81664434e+04
    8	+3.1960899641060948e+08	1.60704730e+04
    9	+1.3917154541974616e+08	1.06596311e+04
   10	+2.6940488480567873e+07	4.75027628e+03
   11	+1.4353929209100865e+06	8.76389819e+02
   12	+4.5487043103206786e+05	5.28754066e+02
   13	+2.1766322587526409e+05	3.04095166e+02
   14	+1.1231391833804289e+05	1.50259231e+02
   15	+8.3754510015164982e+04	1.79386285e+02
   16	+6.1201847908325857e+04	1.82862953e+02
   17	+3.3951140593543016e+04	1.36704358e+02
   18	+2.1330074771939355e+04	1.20863189e+02
   19	+1.6751271039721229e+04	1.26217606e+02
   20	+4.3047778284769665e+03	4.87389813e+01
   21	+1.8252696638636362e+03	3.34711218e+01
   22	+1.6990103781514949e+03	4.04682224e+01
   23	+1.2372500841403480e+03	3.36503149e+01
   24	+2.0525135625682054e+02	9.27747032e+00
   25	+4.0442953578910050e+01	4.97951455e+00
   26	+8.3834244092189394e+00	2.82155798e+00
   27	+6.2191619897707762e-01	5.62901695e-01
User defined stopfun criterion triggered. See options.stopfun.
Total time is 49.314470 [s] (excludes statsfun)


=============> beta: 0.027 <==============
 iter	                cost val	     grad. norm
    0	+5.9358628433949077e+08	1.70730159e+04
    1	+5.9356921151432419e+08	1.70726533e+04
    2	+5.9350092326868165e+08	1.70712062e+04
    3	+5.9322781936617756e+08	1.70654759e+04
    4	+5.9213620176703835e+08	1.70434812e+04
    5	+5.8778329986037076e+08	1.69703292e+04
    6	+5.7063503894577956e+08	1.69035364e+04
    7	+5.0755974332307410e+08	1.81705849e+04
    8	+3.2017880063610768e+08	1.61057543e+04
    9	+1.4247952873106188e+08	1.08036797e+04
   10	+2.1524809423486970e+07	4.16978210e+03
   11	+5.9708201873629671e+06	2.23869715e+03
   12	+1.0256161237690125e+06	8.63175048e+02
   13	+3.1313002341953444e+05	4.07204468e+02
   14	+2.4642644435858232e+05	3.78048828e+02
   15	+9.3019056679375324e+04	1.44108939e+02
   16	+6.0363681179236344e+04	1.46892448e+02
   17	+4.0094134304669933e+04	1.37294225e+02
   18	+2.1635967251764581e+04	8.05092141e+01
   19	+1.3117943706420345e+04	6.90593133e+01
   20	+9.0226961674169834e+03	7.14612770e+01
   21	+5.6710647001884172e+03	6.62517072e+01
   22	+2.6888460554957956e+03	5.13842021e+01
   23	+4.7010865623503395e+02	1.97309230e+01
   24	+1.7728456435817372e+02	1.33112961e+01
   25	+1.3945964911089177e+02	1.27915667e+01
   26	+3.0169588975058758e+01	5.71230962e+00
   27	+2.8260013294067029e+01	5.79366716e+00
   28	+2.1145952054094813e+01	4.99817580e+00
   29	+2.4622474866578536e+00	1.58777709e+00
   30	+2.8380792795628440e-01	3.47395885e-01
User defined stopfun criterion triggered. See options.stopfun.
Total time is 53.398555 [s] (excludes statsfun)


=============> beta: 0.0081 <==============
 iter	                cost val	     grad. norm
    0	+5.9358628433949077e+08	1.70730159e+04
    1	+5.9356921151432419e+08	1.70726533e+04
    2	+5.9350092326868165e+08	1.70712062e+04
    3	+5.9322781936617756e+08	1.70654759e+04
    4	+5.9213620176703835e+08	1.70434812e+04
    5	+5.8778329986037076e+08	1.69703292e+04
    6	+5.7063503894577956e+08	1.69035364e+04
    7	+5.0755189340542138e+08	1.81718492e+04
    8	+3.2038068566991937e+08	1.61170180e+04
    9	+1.4339363409681001e+08	1.08434743e+04
   10	+2.0375976132949460e+07	4.03298671e+03
   11	+8.1783860327803763e+06	2.64966153e+03
   12	+2.5026962344781789e+06	1.43033805e+03
   13	+2.7966703272289142e+05	3.53101173e+02
   14	+2.2118213688540531e+05	3.35218727e+02
   15	+9.5251160718915067e+04	1.45808558e+02
   16	+6.5463980398348795e+04	1.55482752e+02
   17	+4.1923957154908567e+04	1.29391462e+02
   18	+2.7986570779105823e+04	1.18476465e+02
   19	+1.4022322063026471e+04	6.67110579e+01
   20	+1.3615433676789005e+04	1.12072928e+02
   21	+1.2041612711582264e+04	1.04857797e+02
   22	+6.6691862281920712e+03	7.50046825e+01
   23	+5.6029626310626072e+03	7.97582095e+01
   24	+2.1693954503492432e+03	4.88465143e+01
   25	+1.0388557954713169e+03	3.47285733e+01
   26	+4.2228891661186509e+01	5.63114506e+00
   27	+4.0081306938317439e+01	6.86652944e+00
   28	+3.1964857067022486e+01	6.10888167e+00
   29	+8.0401567343461622e+00	2.91288984e+00
   30	+3.8769367849203107e+00	2.09058991e+00
   31	+3.0021904578568859e-01	4.33796868e-01
User defined stopfun criterion triggered. See options.stopfun.
Total time is 52.645184 [s] (excludes statsfun)


=============> beta: 0.00243 <==============
 iter	                cost val	     grad. norm
    0	+5.9358628433949077e+08	1.70730159e+04
    1	+5.9356921151432419e+08	1.70726533e+04
    2	+5.9350092326868165e+08	1.70712062e+04
    3	+5.9322781936617756e+08	1.70654759e+04
    4	+5.9213620176703835e+08	1.70434812e+04
    5	+5.8778329986037076e+08	1.69703292e+04
    6	+5.7063503894577956e+08	1.69035364e+04
    7	+5.0754953328504395e+08	1.81722304e+04
    8	+3.2044431946009839e+08	1.61204625e+04
    9	+1.4365985523695034e+08	1.08550721e+04
   10	+2.0070726241144072e+07	3.99554028e+03
   11	+8.8777258759969845e+06	2.76658816e+03
   12	+1.1047669976884597e+06	8.87869403e+02
   13	+1.8294760193923564e+05	1.79970987e+02
   14	+1.4992470238575921e+05	2.36237393e+02
   15	+8.6500265465054516e+04	1.51931153e+02
   16	+6.0079733762882410e+04	1.48768214e+02
   17	+3.9515107477056095e+04	1.24378207e+02
   18	+2.6191646733522990e+04	1.10819634e+02
   19	+1.4097418407653337e+04	6.97134470e+01
   20	+1.3529134168367586e+04	1.07336495e+02
   21	+1.1377862683533105e+04	9.61064708e+01
   22	+4.9744486119762660e+03	5.02308555e+01
   23	+2.1621683549297659e+03	3.46904899e+01
   24	+1.9848011505161753e+03	4.35716998e+01
   25	+1.3477245990557180e+03	3.48205312e+01
   26	+2.2417669397047791e+02	1.17719631e+01
   27	+1.3396530472358768e+02	1.24416802e+01
   28	+2.5936592169268010e+01	5.37341501e+00
   29	+2.0366784553496182e+00	1.07967541e+00
   30	+6.4266595828742057e-01	6.11568039e-01
User defined stopfun criterion triggered. See options.stopfun.
Total time is 54.655689 [s] (excludes statsfun)


=============> beta: 0.000729 <==============
 iter	                cost val	     grad. norm
    0	+5.9358628433949077e+08	1.70730159e+04
    1	+5.9356921151432419e+08	1.70726533e+04
    2	+5.9350092326868165e+08	1.70712062e+04
    3	+5.9322781936617756e+08	1.70654759e+04
    4	+5.9213620176703835e+08	1.70434812e+04
    5	+5.8778329986037076e+08	1.69703292e+04
    6	+5.7063503894577956e+08	1.69035364e+04
    7	+5.0754882478580320e+08	1.81723450e+04
    8	+3.2046369382576185e+08	1.61215018e+04
    9	+1.4373897020016947e+08	1.08585198e+04
   10	+1.9982616071916193e+07	3.98463580e+03
   11	+9.0896267664349210e+06	2.80100711e+03
   12	+8.4155259595290862e+05	7.40418229e+02
   13	+3.7969674383552023e+05	4.74947922e+02
   14	+2.6957938353247393e+05	4.01340838e+02
   15	+1.0114870241625287e+05	1.84198096e+02
   16	+6.2404618636080333e+04	1.41265893e+02
   17	+5.6843211912234794e+04	1.93922489e+02
   18	+3.7929140344579035e+04	1.38845080e+02
   19	+3.6628927540116776e+04	1.74898913e+02
   20	+3.1648136008065921e+04	1.60478173e+02
   21	+1.5695522786403728e+04	9.92044250e+01
   22	+8.8520729249156393e+03	8.97114156e+01
   23	+7.0250652195849352e+03	8.91150758e+01
   24	+1.6886490594885304e+03	4.14774204e+01
   25	+1.1015203459747595e+03	3.56672191e+01
   26	+5.1830800929102438e+01	5.77064004e+00
   27	+3.8327156049133201e+01	6.63009718e+00
   28	+4.3017826794965881e+00	1.82057099e+00
   29	+1.4125881975266239e+00	1.04170367e+00
   30	+5.0669488269789076e-01	6.44960982e-01
User defined stopfun criterion triggered. See options.stopfun.
Total time is 52.641755 [s] (excludes statsfun)


=============> beta: 0.0002187 <==============
 iter	                cost val	     grad. norm
    0	+5.9358628433949077e+08	1.70730159e+04
    1	+5.9356921151432419e+08	1.70726533e+04
    2	+5.9350092326868165e+08	1.70712062e+04
    3	+5.9322781936617756e+08	1.70654759e+04
    4	+5.9213620176703835e+08	1.70434812e+04
    5	+5.8778329986037076e+08	1.69703292e+04
    6	+5.7063503894577956e+08	1.69035364e+04
    7	+5.0754861219435459e+08	1.81723794e+04
    8	+3.2046953235614276e+08	1.61218141e+04
    9	+1.4376264001096332e+08	1.08595513e+04
   10	+1.9956488310761988e+07	3.98139374e+03
   11	+9.1533613894320540e+06	2.81127298e+03
   12	+7.7540691577317822e+05	6.98206800e+02
   13	+5.0936605734866852e+05	5.86785296e+02
   14	+1.7682786469525727e+05	2.67984762e+02
   15	+1.5553627245864939e+05	2.99655544e+02
   16	+8.9148281547591032e+04	1.82672366e+02
   17	+5.5379228322170668e+04	1.64306542e+02
   18	+2.3775109110733552e+04	8.79828435e+01
   19	+1.5997451379133719e+04	1.05050491e+02
   20	+6.7292325434166269e+03	7.22687080e+01
   21	+5.0849813759411409e+03	7.34240888e+01
   22	+7.9951311300785164e+02	2.39243752e+01
   23	+5.3524459245866865e+02	2.44188280e+01
   24	+2.3815758080377613e+01	3.31951613e+00
   25	+1.9522852362037284e+01	4.79080513e+00
   26	+6.1835366112029577e+00	2.65998063e+00
   27	+2.2902207563264426e-01	4.51591950e-01
User defined stopfun criterion triggered. See options.stopfun.
Total time is 47.443411 [s] (excludes statsfun)


=============> beta: 6.561e-05 <==============
 iter	                cost val	     grad. norm
    0	+5.9358628433949077e+08	1.70730159e+04
    1	+5.9356921151432419e+08	1.70726533e+04
    2	+5.9350092326868165e+08	1.70712062e+04
    3	+5.9322781936617756e+08	1.70654759e+04
    4	+5.9213620176703835e+08	1.70434812e+04
    5	+5.8778329986037076e+08	1.69703292e+04
    6	+5.7063503894577956e+08	1.69035364e+04
    7	+5.0754854841316223e+08	1.81723897e+04
    8	+3.2047128588961875e+08	1.61219079e+04
    9	+1.4376973331430495e+08	1.08598605e+04
   10	+1.9948679626726501e+07	3.98042402e+03
   11	+9.1724907942830063e+06	2.81434652e+03
   12	+7.5669072899797512e+05	6.85762256e+02
   13	+5.5528681905720127e+05	6.21012724e+02
   14	+1.2830931809551621e+05	1.42254911e+02
   15	+9.3372765088938424e+04	1.81426256e+02
   16	+8.1372062929607928e+04	2.18802273e+02
   17	+4.5249187402947282e+04	1.23959457e+02
   18	+3.9927207128670096e+04	1.66227270e+02
   19	+2.2636483491620507e+04	1.07426038e+02
   20	+1.1271836393133433e+04	8.22512939e+01
   21	+6.2569642147750164e+03	7.62307185e+01
   22	+5.2552444753694554e+03	7.70111576e+01
   23	+2.0389136154596474e+03	4.68083492e+01
   24	+1.1036271992252273e+03	3.57775891e+01
   25	+6.4340303255249182e+02	2.76925468e+01
   26	+1.4073389632083666e+02	1.28962038e+01
   27	+9.8732037642617499e+01	1.09257068e+01
   28	+2.8595159222457864e+00	1.62345956e+00
   29	+6.4684224852263683e-01	6.82235335e-01
User defined stopfun criterion triggered. See options.stopfun.
Total time is 49.530401 [s] (excludes statsfun)


=============> beta: 1.9683e-05 <==============
 iter	                cost val	     grad. norm
    0	+5.9358628433949077e+08	1.70730159e+04
    1	+5.9356921151432419e+08	1.70726533e+04
    2	+5.9350092326868165e+08	1.70712062e+04
    3	+5.9322781936617756e+08	1.70654759e+04
    4	+5.9213620176703835e+08	1.70434812e+04
    5	+5.8778329986037076e+08	1.69703292e+04
    6	+5.7063503894577956e+08	1.69035364e+04
    7	+5.0754852927846539e+08	1.81723928e+04
    8	+3.2047181244281507e+08	1.61219360e+04
    9	+1.4377186099855447e+08	1.08599532e+04
   10	+1.9946339199337788e+07	3.98013331e+03
   11	+9.1782314933304954e+06	2.81526819e+03
   12	+7.5117536736314220e+05	6.82048978e+02
   13	+5.6970990256392141e+05	6.31325912e+02
   14	+1.4161641671316026e+05	1.72389136e+02
   15	+9.3403941143423668e+04	1.55016126e+02
   16	+6.9680756459730954e+04	1.82338983e+02
   17	+4.3330517420365752e+04	1.44786590e+02
   18	+2.5993145084151565e+04	1.09405351e+02
   19	+1.7405718511191080e+04	1.03259078e+02
   20	+1.2096367257525535e+04	1.03338886e+02
   21	+2.3954637977044031e+03	3.61725566e+01
   22	+9.7497702285392143e+02	3.19067532e+01
   23	+4.2230427412879328e+02	2.16985567e+01
   24	+8.5796378597703026e+01	9.46991110e+00
   25	+9.3380314155251529e+00	2.12617222e+00
   26	+4.4707877442717461e+00	2.21348163e+00
   27	+4.8074829808902864e-01	5.67804981e-01
User defined stopfun criterion triggered. See options.stopfun.
Total time is 49.403393 [s] (excludes statsfun)


=============> beta: 0 <==============
 iter	                cost val	     grad. norm
    0	+5.9358628433949077e+08	1.70730159e+04
    1	+5.9356921151432419e+08	1.70726533e+04
    2	+5.9350092326868165e+08	1.70712062e+04
    3	+5.9322781936617756e+08	1.70654759e+04
    4	+5.9213620176703835e+08	1.70434812e+04
    5	+5.8778329986037076e+08	1.69703292e+04
    6	+5.7063503894577956e+08	1.69035364e+04
    7	+5.0754852107783777e+08	1.81723941e+04
    8	+3.2047203708016473e+08	1.61219480e+04
    9	+1.4377277271553898e+08	1.08599930e+04
   10	+1.9945335930822842e+07	3.98000869e+03
   11	+9.1806930294127241e+06	2.81566330e+03
   12	+7.4882470509558544e+05	6.80459810e+02
   13	+5.7598563048157003e+05	6.35753266e+02
   14	+1.5107131256712909e+05	1.92824341e+02
   15	+1.4070061576825194e+05	2.65633962e+02
   16	+1.0418362395162937e+05	2.05080115e+02
   17	+5.3725194908428093e+04	1.45285202e+02
   18	+5.0967759674869325e+04	1.88552699e+02
   19	+4.0747573703062313e+04	1.61615903e+02
   20	+1.5165000660682319e+04	6.39299129e+01
   21	+8.9321319105153707e+03	7.42541371e+01
   22	+6.1526752275045874e+03	7.48028706e+01
   23	+3.9635520415543488e+02	1.46991204e+01
   24	+9.3767932395894675e+01	8.66700046e+00
   25	+9.3527537894761224e+01	1.02799239e+01
   26	+9.2568492013626908e+01	1.02257741e+01
   27	+8.8773033326326384e+01	1.00086411e+01
   28	+7.4256738869347146e+01	9.13140086e+00
   29	+2.7865128168018728e+01	5.47369162e+00
   30	+1.6573264374021583e+01	4.36488837e+00
   31	+2.8536653055224717e+00	1.79631559e+00
   32	+2.9707771020696183e-01	5.25477819e-01
User defined stopfun criterion triggered. See options.stopfun.
Total time is 53.529448 [s] (excludes statsfun)