 iter	                cost val	     grad. norm
    0	+1.3732786258014873e+07	1.08746092e+03
    1	+1.3731698849743275e+07	1.08738958e+03
    2	+1.3727350056721438e+07	1.08710514e+03
    3	+1.3709968174164038e+07	1.08598264e+03
    4	+1.3640643585038682e+07	1.08173553e+03
    5	+1.3365975502547974e+07	1.06860832e+03
    6	+1.2273062888035879e+07	1.07964222e+03
    7	+8.0914238898500763e+06	1.24441461e+03
    8	+4.6466517297951048e+06	1.41350647e+03
    9	+4.0719162385057616e+06	1.56211433e+03
   10	+3.6950270723015154e+06	3.94333695e+03
   11	+3.5128610232634484e+06	2.87376184e+03
   12	+3.3941669960828684e+06	1.98204204e+03
   13	+3.3760223206451954e+06	3.29502266e+03
   14	+3.3080777151840189e+06	1.59582914e+03
   15	+3.2772120346595915e+06	1.31062882e+03
   16	+3.2431860948874690e+06	2.46071569e+03
   17	+3.1993968419707082e+06	1.08105986e+03
   18	+3.1863163581907558e+06	2.40475422e+03
   19	+3.1457187936032075e+06	3.30577921e+03
   20	+3.0799670758739924e+06	9.33615017e+02
   21	+3.0661328629811490e+06	1.70665186e+03
   22	+3.0416362083799415e+06	1.19739222e+03
   23	+3.0277929034814732e+06	1.05901916e+03
   24	+3.0179650787425917e+06	2.14700261e+03
   25	+2.9993260759859458e+06	1.29460973e+03
   26	+2.9854308116284013e+06	1.02647006e+03
   27	+2.9833150834568413e+06	3.81284131e+03
   28	+2.9743538601785777e+06	3.45631047e+03
   29	+2.9598484604362324e+06	2.82744813e+03
   30	+2.9232026541138203e+06	9.21243832e+02
   31	+2.9131559917622581e+06	1.19153497e+03
   32	+2.9023378021534923e+06	1.51084685e+03
   33	+2.8865278745842613e+06	7.07385716e+02
   34	+2.8440719754911922e+06	1.51074383e+03
   35	+2.8288400701577044e+06	6.95275501e+02
   36	+2.8036712161005177e+06	2.33927225e+03
   37	+2.7773560886120498e+06	8.12007713e+02
   38	+2.7697499094313788e+06	1.46007707e+03
   39	+2.7573433247126723e+06	6.37505983e+02
   40	+2.7163012991165454e+06	7.53874144e+02
   41	+2.7091933603550084e+06	1.05243325e+03
   42	+2.7027694036126812e+06	1.47966885e+03
   43	+2.6910991288552503e+06	6.09847644e+02
   44	+2.6613805740392571e+06	1.46996025e+03
   45	+2.5743080726274280e+06	1.59139674e+03
   46	+2.5678188880575905e+06	1.76616123e+03
   47	+2.5549125440605180e+06	7.15162108e+02
   48	+2.5493259521326572e+06	8.78445611e+02
   49	+2.5322329762719865e+06	6.46964369e+02
   50	+2.5266885842757844e+06	1.18613308e+03
   51	+2.5181116638883566e+06	9.69106825e+02
   52	+2.5118375184001336e+06	7.32873968e+02
   53	+2.5056693626836338e+06	8.33141709e+02
   54	+2.5001835689828610e+06	6.54664279e+02
   55	+2.4958923216257975e+06	1.73034683e+03
   56	+2.4861360011851387e+06	9.06065661e+02
   57	+2.4829507454516441e+06	1.23859026e+03
   58	+2.4707767654208615e+06	7.55717958e+02
   59	+2.4658156521854298e+06	7.50497446e+02
   60	+2.4629056713062101e+06	1.56187160e+03
   61	+2.4557543480222439e+06	9.34323052e+02
   62	+2.4502836024705661e+06	7.51725273e+02
   63	+2.4318072257561190e+06	5.77409782e+02
   64	+2.4264219743686849e+06	1.43753549e+03
   65	+2.4142339131764956e+06	6.80649556e+02
   66	+2.4095885635185842e+06	8.53385550e+02
   67	+2.4048078959763180e+06	1.22184085e+03
   68	+2.3966033549259827e+06	5.26462890e+02
   69	+2.3858185917566512e+06	2.26398134e+03
   70	+2.3679079886638531e+06	6.46026340e+02
   71	+2.3675413266508537e+06	1.70682045e+03
   72	+2.3658870805288679e+06	1.63377476e+03
   73	+2.3613869409926925e+06	1.23872751e+03
   74	+2.3537782925130809e+06	6.22951172e+02
   75	+2.3240106450167955e+06	6.79013482e+02
   76	+2.3185966715531340e+06	1.07506424e+03
   77	+2.3136723343909108e+06	9.70038024e+02
   78	+2.3109851854082341e+06	1.33284396e+03
   79	+2.3044181351510268e+06	6.66062851e+02
   80	+2.3017355848124479e+06	1.16986724e+03
   81	+2.2917599534714445e+06	5.97868541e+02
   82	+2.2874955737612317e+06	8.37933183e+02
   83	+2.2832404284814666e+06	1.22510633e+03
   84	+2.2757028236803124e+06	4.89766335e+02
   85	+2.2605577672836790e+06	1.85494795e+03
   86	+2.2531696910234494e+06	1.52333315e+03
   87	+2.2470769358296525e+06	1.26403209e+03
   88	+2.2411364838243779e+06	8.96180153e+02
   89	+2.2368062172915554e+06	7.98009425e+02
   90	+2.2328745394543135e+06	5.72578981e+02
   91	+2.2299156727736387e+06	1.61514474e+03
   92	+2.2228305120730484e+06	8.58867454e+02
   93	+2.2205089526688373e+06	1.09944359e+03
   94	+2.2120496829904607e+06	5.82363357e+02
   95	+2.2083800222301674e+06	8.09371081e+02
   96	+2.2048385763386767e+06	1.19559429e+03
   97	+2.1982724424483236e+06	4.71243519e+02
   98	+2.1807280367442616e+06	1.38171552e+03
   99	+2.1784900878020469e+06	1.57571799e+03
  100	+2.1711589535513939e+06	7.37254060e+02
  101	+2.1710026454770127e+06	1.43815934e+03
  102	+2.1702622392353495e+06	1.36370677e+03
  103	+2.1680113837074344e+06	1.11715263e+03
  104	+2.1627547509936350e+06	4.57287922e+02
  105	+2.1572002737802775e+06	2.29474181e+03
  106	+2.1368749499607487e+06	8.05731500e+02
  107	+2.1336833900232757e+06	7.59664240e+02
  108	+2.1317597538640825e+06	1.24766392e+03
  109	+2.1268892748090290e+06	6.32162784e+02
  110	+2.1248816075845649e+06	1.06820211e+03
  111	+2.1183648191854698e+06	5.01811205e+02
  112	+2.1147164666029396e+06	1.44551938e+03
  113	+2.1037554203307321e+06	5.08691172e+02
  114	+2.1001326452896185e+06	1.20364203e+03
  115	+2.0891461755886013e+06	5.68512843e+02
  116	+2.0872470855371074e+06	1.23179184e+03
  117	+2.0791338116817879e+06	5.70778837e+02
  118	+2.0760168505159821e+06	8.17597681e+02
  119	+2.0688574837288721e+06	7.09558005e+02
  120	+2.0686946873775735e+06	1.36682170e+03
  121	+2.0678602679144100e+06	1.29106587e+03
  122	+2.0652684639853388e+06	1.01856900e+03
  123	+2.0600767992582410e+06	4.69815867e+02
  124	+2.0445071473002820e+06	9.58026276e+02
  125	+2.0409063442021939e+06	8.86453998e+02
  126	+2.0378612230092518e+06	1.05759111e+03
  127	+2.0323447466188234e+06	4.72991759e+02
  128	+2.0294767417732822e+06	2.24052447e+03
  129	+2.0225600980704327e+06	1.60755467e+03
  130	+2.0137233659274890e+06	7.99392489e+02
  131	+1.9788597133975006e+06	4.31293361e+02
  132	+1.9476398240223136e+06	3.72282625e+03
  133	+1.8396429689968098e+06	1.05535377e+03
  134	+1.8391152486799064e+06	1.83451552e+03
  135	+1.8377408999252492e+06	1.70704018e+03
  136	+1.8330953638841528e+06	1.24393574e+03
  137	+1.8266373408743029e+06	6.29017431e+02
  138	+1.8255822721883587e+06	1.33967948e+03
  139	+1.8226140878377887e+06	1.02976645e+03
  140	+1.8172826253346424e+06	4.87929264e+02
  141	+1.8083702575082202e+06	1.47150840e+03
  142	+1.8011991564160120e+06	1.23729752e+03
  143	+1.7970052611524470e+06	1.47298519e+03
  144	+1.7844413728513948e+06	8.80532610e+02
  145	+1.7769279338978536e+06	6.95016489e+02
  146	+1.7767527900636913e+06	1.90716571e+03
  147	+1.7764475940227529e+06	1.88640525e+03
  148	+1.7755005744707335e+06	1.81148999e+03
  149	+1.7731875172137050e+06	1.63128528e+03
  150	+1.7676154878677889e+06	1.19786021e+03
  151	+1.7574031456363355e+06	4.67816559e+02
  152	+1.7305497070917571e+06	5.38314108e+02
  153	+1.7209780745821618e+06	1.46269118e+03
  154	+1.7096249701551211e+06	1.26008875e+03
  155	+1.6999117127886727e+06	7.18182816e+02
  156	+1.6962651744311298e+06	1.40586604e+03
  157	+1.6962651744311298e+06	1.40586604e+03
Last stepsize smaller than minimum allowed. See options.minstepsize.
Total time is 20.229859 [s] (excludes statsfun)