 iter	                cost val	     grad. norm
    0	+1.3732786258014873e+07	4.56426428e+12
    1	+1.3732786257951900e+07	4.56426428e+12
    2	+1.3732786257888924e+07	4.56426428e+12
    3	+1.3732786257825952e+07	4.56426428e+12
    4	+1.3732786257762980e+07	4.56426428e+12
    5	+1.3732786257700006e+07	4.56426428e+12
    6	+1.3732786257637031e+07	4.56426428e+12
    7	+1.3732786257574057e+07	4.56426428e+12
    8	+1.3732786257511083e+07	4.56426428e+12
    9	+1.3732786257448111e+07	4.56426428e+12
   10	+1.3732786257385138e+07	4.56426428e+12
   11	+1.3732786257322162e+07	4.56426428e+12
   12	+1.3732786257259188e+07	4.56426428e+12
   13	+1.3732786257196214e+07	4.56426428e+12
   14	+1.3732786257133244e+07	4.56426428e+12
   15	+1.3732786257070269e+07	4.56426428e+12
   16	+1.3732786257007295e+07	4.56426428e+12
   17	+1.3732786256944321e+07	4.56426428e+12
   18	+1.3732786256881347e+07	4.56426428e+12
   19	+1.3732786256818375e+07	4.56426428e+12
   20	+1.3732786256755400e+07	4.56426428e+12
   21	+1.3732786256692426e+07	4.56426428e+12
   22	+1.3732786256629452e+07	4.56426428e+12
   23	+1.3732786256566480e+07	4.56426428e+12
   24	+1.3732786256503504e+07	4.56426428e+12
   25	+1.3732786256440533e+07	4.56426428e+12
   26	+1.3732786256377559e+07	4.56426428e+12
   27	+1.3732786256314583e+07	4.56426428e+12
   28	+1.3732786256251613e+07	4.56426428e+12
   29	+1.3732786256188639e+07	4.56426428e+12
   30	+1.3732786256125662e+07	4.56426428e+12
   31	+1.3732786256062690e+07	4.56426428e+12
   32	+1.3732786255999718e+07	4.56426428e+12
   33	+1.3732786255936742e+07	4.56426428e+12
   34	+1.3732786255873770e+07	4.56426428e+12
   35	+1.3732786255810795e+07	4.56426428e+12
   36	+1.3732786255747821e+07	4.56426428e+12
   37	+1.3732786255684849e+07	4.56426428e+12
   38	+1.3732786255621875e+07	4.56426428e+12
   39	+1.3732786255558901e+07	4.56426428e+12
   40	+1.3732786255495928e+07	4.56426428e+12
   41	+1.3732786255432952e+07	4.56426428e+12
   42	+1.3732786255369980e+07	4.56426428e+12
   43	+1.3732786255307006e+07	4.56426428e+12
   44	+1.3732786255244032e+07	4.56426428e+12
   45	+1.3732786255181059e+07	4.56426428e+12
   46	+1.3732786255118085e+07	4.56426428e+12
   47	+1.3732786255055111e+07	4.56426428e+12
   48	+1.3732786254992139e+07	4.56426428e+12
   49	+1.3732786254929163e+07	4.56426428e+12
   50	+1.3732786254866190e+07	4.56426428e+12
   51	+1.3732786254803216e+07	4.56426428e+12
   52	+1.3732786254740244e+07	4.56426428e+12
   53	+1.3732786254677270e+07	4.56426428e+12
   54	+1.3732786254614297e+07	4.56426428e+12
   55	+1.3732786254551321e+07	4.56426428e+12
   56	+1.3732786254488349e+07	4.56426428e+12
   57	+1.3732786254425377e+07	4.56426428e+12
   58	+1.3732786254362404e+07	4.56426428e+12
   59	+1.3732786254299428e+07	4.56426428e+12
   60	+1.3732786254236452e+07	4.56426428e+12
   61	+1.3732786254173480e+07	4.56426428e+12
   62	+1.3732786254110508e+07	4.56426428e+12
   63	+1.3732786254047532e+07	4.56426428e+12
   64	+1.3732786253984563e+07	4.56426428e+12
   65	+1.3732786253921587e+07	4.56426428e+12
   66	+1.3732786253858611e+07	4.56426428e+12
   67	+1.3732786253795641e+07	4.56426428e+12
   68	+1.3732786253732666e+07	4.56426428e+12
   69	+1.3732786253669690e+07	4.56426428e+12
   70	+1.3732786253606718e+07	4.56426428e+12
   71	+1.3732786253543746e+07	4.56426428e+12
   72	+1.3732786253480772e+07	4.56426428e+12
   73	+1.3732786253417797e+07	4.56426428e+12
   74	+1.3732786253354825e+07	4.56426428e+12
   75	+1.3732786253291849e+07	4.56426428e+12
   76	+1.3732786253228877e+07	4.56426428e+12
   77	+1.3732786253165901e+07	4.56426428e+12
   78	+1.3732786253102928e+07	4.56426428e+12
   79	+1.3732786253039954e+07	4.56426428e+12
   80	+1.3732786252976982e+07	4.56426428e+12
   81	+1.3732786252914008e+07	4.56426428e+12
   82	+1.3732786252851035e+07	4.56426428e+12
   83	+1.3732786252788061e+07	4.56426428e+12
   84	+1.3732786252725087e+07	4.56426428e+12
   85	+1.3732786252662113e+07	4.56426428e+12
   86	+1.3732786252599139e+07	4.56426428e+12
   87	+1.3732786252536166e+07	4.56426428e+12
   88	+1.3732786252473194e+07	4.56426428e+12
   89	+1.3732786252410218e+07	4.56426428e+12
   90	+1.3732786252347246e+07	4.56426428e+12
   91	+1.3732786252284274e+07	4.56426428e+12
   92	+1.3732786252221297e+07	4.56426428e+12
   93	+1.3732786252158323e+07	4.56426428e+12
   94	+1.3732786252095351e+07	4.56426428e+12
   95	+1.3732786252032377e+07	4.56426428e+12
   96	+1.3732786251969401e+07	4.56426428e+12
   97	+1.3732786251906428e+07	4.56426428e+12
   98	+1.3732786251843454e+07	4.56426428e+12
   99	+1.3732786251780484e+07	4.56426428e+12
  100	+1.3732786251717510e+07	4.56426428e+12
  101	+1.3732786251654536e+07	4.56426428e+12
  102	+1.3732786251591563e+07	4.56426428e+12
  103	+1.3732786251528587e+07	4.56426428e+12
  104	+1.3732786251465615e+07	4.56426428e+12
  105	+1.3732786251402643e+07	4.56426427e+12
  106	+1.3732786251339668e+07	4.56426427e+12
  107	+1.3732786251276694e+07	4.56426427e+12
  108	+1.3732786251213720e+07	4.56426427e+12
  109	+1.3732786251150746e+07	4.56426427e+12
  110	+1.3732786251087772e+07	4.56426427e+12
  111	+1.3732786251024798e+07	4.56426427e+12
  112	+1.3732786250961825e+07	4.56426427e+12
  113	+1.3732786250898853e+07	4.56426427e+12
  114	+1.3732786250835875e+07	4.56426427e+12
  115	+1.3732786250772903e+07	4.56426427e+12
  116	+1.3732786250709929e+07	4.56426427e+12
  117	+1.3732786250646954e+07	4.56426427e+12
  118	+1.3732786250583984e+07	4.56426427e+12
  119	+1.3732786250521008e+07	4.56426427e+12
  120	+1.3732786250458034e+07	4.56426427e+12
  121	+1.3732786250395061e+07	4.56426427e+12
  122	+1.3732786250332087e+07	4.56426427e+12
  123	+1.3732786250269117e+07	4.56426427e+12
  124	+1.3732786250206141e+07	4.56426427e+12
  125	+1.3732786250143167e+07	4.56426427e+12
  126	+1.3732786250080194e+07	4.56426427e+12
  127	+1.3732786250017220e+07	4.56426427e+12
  128	+1.3732786249954246e+07	4.56426427e+12
  129	+1.3732786249891272e+07	4.56426427e+12
  130	+1.3732786249828298e+07	4.56426427e+12
  131	+1.3732786249765325e+07	4.56426427e+12
  132	+1.3732786249702353e+07	4.56426427e+12
  133	+1.3732786249639377e+07	4.56426427e+12
  134	+1.3732786249576405e+07	4.56426427e+12
  135	+1.3732786249513432e+07	4.56426427e+12
  136	+1.3732786249450458e+07	4.56426427e+12
  137	+1.3732786249387484e+07	4.56426427e+12
  138	+1.3732786249324512e+07	4.56426427e+12
  139	+1.3732786249261536e+07	4.56426427e+12
  140	+1.3732786249198563e+07	4.56426427e+12
  141	+1.3732786249135587e+07	4.56426427e+12
  142	+1.3732786249072615e+07	4.56426427e+12
  143	+1.3732786249009643e+07	4.56426427e+12
  144	+1.3732786248946669e+07	4.56426427e+12
  145	+1.3732786248883694e+07	4.56426427e+12
  146	+1.3732786248820722e+07	4.56426427e+12
  147	+1.3732786248757746e+07	4.56426427e+12
  148	+1.3732786248694774e+07	4.56426427e+12
  149	+1.3732786248631801e+07	4.56426427e+12
  150	+1.3732786248568825e+07	4.56426427e+12
  151	+1.3732786248505853e+07	4.56426427e+12
  152	+1.3732786248442881e+07	4.56426427e+12
  153	+1.3732786248379907e+07	4.56426427e+12
  154	+1.3732786248316932e+07	4.56426427e+12
  155	+1.3732786248253956e+07	4.56426427e+12
  156	+1.3732786248190984e+07	4.56426427e+12
  157	+1.3732786248128010e+07	4.56426427e+12
  158	+1.3732786248065040e+07	4.56426427e+12
  159	+1.3732786248002063e+07	4.56426427e+12
  160	+1.3732786247939087e+07	4.56426427e+12
  161	+1.3732786247876117e+07	4.56426427e+12
  162	+1.3732786247813143e+07	4.56426427e+12
  163	+1.3732786247750167e+07	4.56426427e+12
  164	+1.3732786247687194e+07	4.56426427e+12
  165	+1.3732786247624222e+07	4.56426427e+12
  166	+1.3732786247561246e+07	4.56426427e+12
  167	+1.3732786247498274e+07	4.56426427e+12
  168	+1.3732786247435300e+07	4.56426427e+12
  169	+1.3732786247372327e+07	4.56426427e+12
  170	+1.3732786247309353e+07	4.56426427e+12
  171	+1.3732786247246379e+07	4.56426427e+12
  172	+1.3732786247183405e+07	4.56426427e+12
  173	+1.3732786247120433e+07	4.56426427e+12
  174	+1.3732786247057458e+07	4.56426427e+12
  175	+1.3732786246994484e+07	4.56426427e+12
  176	+1.3732786246931512e+07	4.56426427e+12
  177	+1.3732786246868536e+07	4.56426427e+12
  178	+1.3732786246805565e+07	4.56426427e+12
  179	+1.3732786246742589e+07	4.56426427e+12
  180	+1.3732786246679615e+07	4.56426427e+12
  181	+1.3732786246616643e+07	4.56426427e+12
  182	+1.3732786246553671e+07	4.56426427e+12
  183	+1.3732786246490696e+07	4.56426427e+12
  184	+1.3732786246427722e+07	4.56426427e+12
  185	+1.3732786246364750e+07	4.56426427e+12
  186	+1.3732786246301774e+07	4.56426427e+12
  187	+1.3732786246238802e+07	4.56426427e+12
  188	+1.3732786246175827e+07	4.56426427e+12
  189	+1.3732786246112857e+07	4.56426427e+12
  190	+1.3732786246049879e+07	4.56426427e+12
  191	+1.3732786245986905e+07	4.56426427e+12
  192	+1.3732786245923933e+07	4.56426427e+12
  193	+1.3732786245860958e+07	4.56426427e+12
  194	+1.3732786245797988e+07	4.56426427e+12
  195	+1.3732786245735012e+07	4.56426427e+12
  196	+1.3732786245672036e+07	4.56426427e+12
  197	+1.3732786245609064e+07	4.56426427e+12
  198	+1.3732786245546091e+07	4.56426427e+12
  199	+1.3732786245483115e+07	4.56426427e+12
  200	+1.3732786245420145e+07	4.56426427e+12
  201	+1.3732786245357171e+07	4.56426427e+12
  202	+1.3732786245294195e+07	4.56426427e+12
  203	+1.3732786245231224e+07	4.56426427e+12
  204	+1.3732786245168250e+07	4.56426427e+12
  205	+1.3732786245105274e+07	4.56426427e+12
  206	+1.3732786245042302e+07	4.56426427e+12
  207	+1.3732786244979329e+07	4.56426427e+12
  208	+1.3732786244916353e+07	4.56426427e+12
  209	+1.3732786244853381e+07	4.56426427e+12
  210	+1.3732786244790405e+07	4.56426427e+12
  211	+1.3732786244727433e+07	4.56426427e+12
  212	+1.3732786244664460e+07	4.56426427e+12
  213	+1.3732786244601488e+07	4.56426427e+12
  214	+1.3732786244538512e+07	4.56426427e+12
  215	+1.3732786244475540e+07	4.56426427e+12
  216	+1.3732786244412566e+07	4.56426427e+12
  217	+1.3732786244349591e+07	4.56426427e+12
  218	+1.3732786244286619e+07	4.56426427e+12
  219	+1.3732786244223641e+07	4.56426427e+12
  220	+1.3732786244160673e+07	4.56426427e+12
  221	+1.3732786244097698e+07	4.56426427e+12
  222	+1.3732786244034722e+07	4.56426427e+12
  223	+1.3732786243971750e+07	4.56426427e+12
  224	+1.3732786243908776e+07	4.56426427e+12
  225	+1.3732786243845802e+07	4.56426427e+12
  226	+1.3732786243782829e+07	4.56426427e+12
  227	+1.3732786243719857e+07	4.56426427e+12
  228	+1.3732786243656881e+07	4.56426427e+12
  229	+1.3732786243593909e+07	4.56426427e+12
  230	+1.3732786243530933e+07	4.56426427e+12
  231	+1.3732786243467961e+07	4.56426427e+12
  232	+1.3732786243404986e+07	4.56426427e+12
  233	+1.3732786243342012e+07	4.56426427e+12
  234	+1.3732786243279040e+07	4.56426427e+12
  235	+1.3732786243216066e+07	4.56426427e+12
  236	+1.3732786243153092e+07	4.56426427e+12
  237	+1.3732786243090117e+07	4.56426427e+12
  238	+1.3732786243027143e+07	4.56426427e+12
  239	+1.3732786242964175e+07	4.56426427e+12
  240	+1.3732786242901199e+07	4.56426427e+12
  241	+1.3732786242838226e+07	4.56426427e+12
  242	+1.3732786242775250e+07	4.56426427e+12
  243	+1.3732786242712276e+07	4.56426427e+12
  244	+1.3732786242649304e+07	4.56426427e+12
  245	+1.3732786242586330e+07	4.56426427e+12
  246	+1.3732786242523357e+07	4.56426427e+12
  247	+1.3732786242460381e+07	4.56426427e+12
  248	+1.3732786242397409e+07	4.56426427e+12
  249	+1.3732786242334437e+07	4.56426427e+12
  250	+1.3732786242271461e+07	4.56426427e+12
Max iteration count reached. See options.maxiter.
Total time is 204.567209 [s] (excludes statsfun)