tensor_size   150   150   150

tensor_rank     5     5     5

OS    10

conjugategradient	linesearchdefault

=============> beta: 1 <==============
 iter	                cost val	     grad. norm
    0	+2.9483897987005173e+05	6.35046047e+01
    1	+2.9477548008018394e+05	6.34964295e+01
    2	+2.9452155812261946e+05	6.34638013e+01
    3	+2.9350711599778908e+05	6.33344549e+01
    4	+2.8946992460441770e+05	6.28360313e+01
    5	+2.7368167251116876e+05	6.11626870e+01
    6	+2.1619773212422698e+05	5.74202233e+01
    7	+7.0298652648410251e+04	3.61475091e+01
    8	+1.6433590406073592e+04	1.98825173e+01
    9	+5.0498227947783498e+03	1.04967336e+01
   10	+1.3793408872048976e+03	5.42398684e+00
   11	+9.5530998224421660e+02	3.78293748e+00
   12	+6.9744554589792142e+02	2.96938943e+00
   13	+6.1863332823405005e+02	2.46703769e+00
   14	+4.1973626018884875e+02	1.44386940e+00
   15	+3.4395780917246736e+02	1.66471171e+00
   16	+3.0489632939447733e+02	1.42179693e+00
   17	+1.9212190637198330e+02	1.03696660e+00
   18	+9.9749800036242036e+01	1.03112300e+00
   19	+7.9122016104377991e+01	1.03091496e+00
   20	+3.4656891623778861e+01	6.56580231e-01
   21	+1.8899304717955470e+01	6.07628378e-01
   22	+1.4971714327149426e+01	4.74925310e-01
   23	+4.0686588777705417e+00	2.22496969e-01
   24	+1.2761326520924210e+00	1.48192595e-01
   25	+9.9127421341799737e-01	1.20386293e-01
   26	+1.9990213062822937e-01	5.08487094e-02
   27	+1.5088810928745519e-02	1.85896695e-02
User defined stopfun criterion triggered. See options.stopfun.
Total time is 0.963698 [s] (excludes statsfun)


=============> beta: 0.3 <==============
 iter	                cost val	     grad. norm
    0	+2.9483897987005173e+05	6.35046047e+01
    1	+2.9477548008018394e+05	6.34964295e+01
    2	+2.9452155812261946e+05	6.34638013e+01
    3	+2.9350711599778908e+05	6.33344549e+01
    4	+2.8946992460441770e+05	6.28360313e+01
    5	+2.7368167251116876e+05	6.11626870e+01
    6	+2.1619773212422698e+05	5.74202233e+01
    7	+7.1041176884276269e+04	3.63845221e+01
    8	+1.6332091508248170e+04	1.96766395e+01
    9	+8.2292244569860632e+03	1.79993050e+01
   10	+3.1736797706887774e+03	8.41828922e+00
   11	+1.3712862729578446e+03	5.75190685e+00
   12	+8.4176014903892815e+02	4.22023569e+00
   13	+6.1317598628218570e+02	4.99685787e+00
   14	+5.3507682438129780e+02	2.80405043e+00
   15	+4.3665758163124195e+02	1.96189848e+00
   16	+4.2641756585963509e+02	2.64272310e+00
   17	+3.9860013637687609e+02	1.53434399e+00
   18	+3.2960360094456507e+02	1.26681077e+00
   19	+2.8167912062577955e+02	1.28458996e+00
   20	+2.0760738250827103e+02	1.19840032e+00
   21	+1.4132113794440244e+02	1.12445216e+00
   22	+8.7309335953184757e+01	9.20523496e-01
   23	+5.3601331029146657e+01	8.77651629e-01
   24	+2.6747055950239904e+01	6.02754362e-01
   25	+2.1999214388192954e+01	6.90854932e-01
   26	+8.9794743238635029e+00	3.49201543e-01
   27	+2.7493767816844787e+00	2.08143100e-01
   28	+1.6734003171483014e+00	2.38037950e-01
   29	+4.0956419450454262e-01	1.15956566e-01
   30	+2.1275567025807446e-01	8.91744250e-02
   31	+1.8618065897155106e-01	8.54930637e-02
   32	+9.5344922484826303e-02	6.07780839e-02
User defined stopfun criterion triggered. See options.stopfun.
Total time is 1.000949 [s] (excludes statsfun)


=============> beta: 0.09 <==============
 iter	                cost val	     grad. norm
    0	+2.9483897987005173e+05	6.35046047e+01
    1	+2.9477548008018394e+05	6.34964295e+01
    2	+2.9452155812261946e+05	6.34638013e+01
    3	+2.9350711599778908e+05	6.33344549e+01
    4	+2.8946992460441770e+05	6.28360313e+01
    5	+2.7368167251116876e+05	6.11626870e+01
    6	+2.1619773212422698e+05	5.74202233e+01
    7	+7.1285522287032232e+04	3.64630501e+01
    8	+1.6297495879256905e+04	1.96075185e+01
    9	+1.0369270200044970e+04	1.97031130e+01
   10	+1.7468615810253623e+03	5.28205782e+00
   11	+9.0634148039524962e+02	3.73928275e+00
   12	+5.8977809375620723e+02	2.53870471e+00
   13	+4.2996324625899814e+02	1.46114100e+00
   14	+3.9409100164160895e+02	1.87863038e+00
   15	+2.8917727157981858e+02	1.43533093e+00
   16	+2.8599511153951880e+02	2.15595533e+00
   17	+2.7349107156391136e+02	2.08714729e+00
   18	+2.2718414825052542e+02	1.81390520e+00
   19	+1.0861856958369629e+02	9.77610098e-01
   20	+9.8830653743539656e+01	1.32441498e+00
   21	+6.4555660988352273e+01	1.02163217e+00
   22	+2.2879309132857703e+01	7.42549695e-01
   23	+6.2754069191728874e+00	3.66606429e-01
   24	+5.7309578970343296e+00	4.47529695e-01
   25	+3.7762371547765969e+00	3.55311955e-01
   26	+5.6481540297639987e-01	9.55701224e-02
   27	+2.5320825046469903e-01	6.39311093e-02
   28	+1.0704931097008422e-01	3.41582643e-02
User defined stopfun criterion triggered. See options.stopfun.
Total time is 0.915832 [s] (excludes statsfun)


=============> beta: 0.027 <==============
 iter	                cost val	     grad. norm
    0	+2.9483897987005173e+05	6.35046047e+01
    1	+2.9477548008018394e+05	6.34964295e+01
    2	+2.9452155812261946e+05	6.34638013e+01
    3	+2.9350711599778908e+05	6.33344549e+01
    4	+2.8946992460441770e+05	6.28360313e+01
    5	+2.7368167251116876e+05	6.11626870e+01
    6	+2.1619773212422698e+05	5.74202233e+01
    7	+7.1360856131431457e+04	3.64873124e+01
    8	+1.6286839399993287e+04	1.95861152e+01
    9	+1.1296044907175725e+04	2.03262082e+01
   10	+2.2495346218184131e+03	6.21250406e+00
   11	+9.2612051337936214e+02	3.84083941e+00
   12	+4.8144386532855782e+02	1.61741106e+00
   13	+4.7911546988891428e+02	2.04049383e+00
   14	+4.6999300924054415e+02	1.96429619e+00
   15	+4.3645121188387913e+02	1.69118257e+00
   16	+3.4554977032192284e+02	1.08387311e+00
   17	+2.8569182539366864e+02	1.69845088e+00
   18	+1.4996077912765219e+02	9.14134491e-01
   19	+8.5065030132329767e+01	8.35994823e-01
   20	+5.8101748134643728e+01	7.56588842e-01
   21	+3.2607862270429038e+01	7.11742555e-01
   22	+1.3528853184511682e+01	5.64184872e-01
   23	+3.9977224768936557e+00	2.06448436e-01
   24	+3.5168575735410865e+00	3.58795478e-01
   25	+1.8706464271660534e+00	2.55829482e-01
   26	+1.5741914971189117e+00	2.45023607e-01
   27	+6.1791958750566289e-01	1.50295087e-01
   28	+2.8443383215363638e-01	1.01573047e-01
   29	+3.7796152275080791e-02	3.01013442e-02
User defined stopfun criterion triggered. See options.stopfun.
Total time is 0.953743 [s] (excludes statsfun)


=============> beta: 0.0081 <==============
 iter	                cost val	     grad. norm
    0	+2.9483897987005173e+05	6.35046047e+01
    1	+2.9477548008018394e+05	6.34964295e+01
    2	+2.9452155812261946e+05	6.34638013e+01
    3	+2.9350711599778908e+05	6.33344549e+01
    4	+2.8946992460441770e+05	6.28360313e+01
    5	+2.7368167251116876e+05	6.11626870e+01
    6	+2.1619773212422698e+05	5.74202233e+01
    7	+7.1383641418429004e+04	3.64946553e+01
    8	+1.6283620468072282e+04	1.95796342e+01
    9	+1.1597379155682502e+04	2.05211034e+01
   10	+2.5439964401149155e+03	6.77537598e+00
   11	+8.9329150787975072e+02	3.52575427e+00
   12	+6.8085814556548610e+02	2.97681137e+00
   13	+4.5273203555620398e+02	1.76480154e+00
   14	+4.3884000523250472e+02	2.04142493e+00
   15	+3.8769512520977116e+02	1.77763708e+00
   16	+2.5687656554604894e+02	1.38327297e+00
   17	+1.8670749434661531e+02	1.68291566e+00
   18	+1.0577967336276699e+02	1.32869334e+00
   19	+6.5663500386416672e+01	1.14276855e+00
   20	+2.6134954923897748e+01	5.59669165e-01
   21	+1.1316289007669848e+01	5.34671948e-01
   22	+8.5536193779827112e+00	5.32812547e-01
   23	+1.5983697287928966e+00	1.54536723e-01
   24	+1.5712808758896584e+00	2.30731711e-01
   25	+1.4650270499144731e+00	2.21768049e-01
   26	+1.0750311800127279e+00	1.85285889e-01
   27	+1.8506026544322465e-01	3.98170339e-02
   28	+7.9369554019827177e-02	3.81070747e-02
User defined stopfun criterion triggered. See options.stopfun.
Total time is 0.981158 [s] (excludes statsfun)


=============> beta: 0.00243 <==============
 iter	                cost val	     grad. norm
    0	+2.9483897987005173e+05	6.35046047e+01
    1	+2.9477548008018394e+05	6.34964295e+01
    2	+2.9452155812261946e+05	6.34638013e+01
    3	+2.9350711599778908e+05	6.33344549e+01
    4	+2.8946992460441770e+05	6.28360313e+01
    5	+2.7368167251116876e+05	6.11626870e+01
    6	+2.1619773212422698e+05	5.74202233e+01
    7	+7.1390493732204428e+04	3.64968639e+01
    8	+1.6282652894514997e+04	1.95776846e+01
    9	+1.1689822266763713e+04	2.05802389e+01
   10	+2.6476729325242204e+03	6.96927068e+00
   11	+8.8830929377741586e+02	3.41372314e+00
   12	+7.6598875784963570e+02	3.37436627e+00
   13	+4.5584919654031648e+02	1.40019913e+00
   14	+4.0836769240848821e+02	1.77081799e+00
   15	+3.0748848745459310e+02	1.16219055e+00
   16	+2.0351473035406980e+02	1.29388605e+00
   17	+1.5975709535705798e+02	1.35643808e+00
   18	+1.1246471543273911e+02	1.14582528e+00
   19	+7.0967935753596379e+01	7.37630847e-01
   20	+5.3470937752698759e+01	1.14924247e+00
   21	+1.4229594903371243e+01	3.83941705e-01
   22	+1.1637847850406818e+01	5.03353079e-01
   23	+4.1593969707485501e+00	2.57168462e-01
   24	+4.1469993520298161e+00	3.27456106e-01
   25	+4.0975788157725885e+00	3.25191177e-01
   26	+3.9026293991271173e+00	3.16126021e-01
   27	+3.1676132468092177e+00	2.79757435e-01
   28	+1.0216640942204696e+00	1.38501068e-01
   29	+1.7768366104606487e-01	6.92716896e-02
   30	+6.6713431345239771e-02	4.42179295e-02
User defined stopfun criterion triggered. See options.stopfun.
Total time is 0.966530 [s] (excludes statsfun)


=============> beta: 0.000729 <==============
 iter	                cost val	     grad. norm
    0	+2.9483897987005173e+05	6.35046047e+01
    1	+2.9477548008018394e+05	6.34964295e+01
    2	+2.9452155812261946e+05	6.34638013e+01
    3	+2.9350711599778908e+05	6.33344549e+01
    4	+2.8946992460441770e+05	6.28360313e+01
    5	+2.7368167251116876e+05	6.11626870e+01
    6	+2.1619773212422698e+05	5.74202233e+01
    7	+7.1392550933604769e+04	3.64975270e+01
    8	+1.6282362454310645e+04	1.95770992e+01
    9	+1.1717737651004900e+04	2.05980383e+01
   10	+2.6802264035393546e+03	7.02961090e+00
   11	+8.8770235874207503e+02	3.37996124e+00
   12	+7.9125400265883843e+02	3.48067144e+00
   13	+5.1087859984258364e+02	1.84663579e+00
   14	+3.8519883705660857e+02	1.06795350e+00
   15	+3.5501245510844365e+02	1.84956816e+00
   16	+2.6577451443935820e+02	1.24813342e+00
   17	+2.1181188255932392e+02	1.58606404e+00
   18	+9.2349779161324847e+01	8.85861361e-01
   19	+3.8657272046873793e+01	7.63685516e-01
   20	+1.2746960649622778e+01	4.54866655e-01
   21	+8.1085398844886640e+00	4.94293720e-01
   22	+2.2577218791040261e+00	2.37238217e-01
   23	+1.7546020495992274e+00	2.38067803e-01
   24	+4.1932864288231292e-01	8.32573709e-02
   25	+2.2899388838099077e-01	6.89921898e-02
   26	+1.0284323516757299e-01	4.20002877e-02
User defined stopfun criterion triggered. See options.stopfun.
Total time is 0.883129 [s] (excludes statsfun)


=============> beta: 0.0002187 <==============
 iter	                cost val	     grad. norm
    0	+2.9483897987005173e+05	6.35046047e+01
    1	+2.9477548008018394e+05	6.34964295e+01
    2	+2.9452155812261946e+05	6.34638013e+01
    3	+2.9350711599778908e+05	6.33344549e+01
    4	+2.8946992460441770e+05	6.28360313e+01
    5	+2.7368167251116876e+05	6.11626870e+01
    6	+2.1619773212422698e+05	5.74202233e+01
    7	+7.1393168229727424e+04	3.64977260e+01
    8	+1.6282275307181037e+04	1.95769235e+01
    9	+1.1726128649429103e+04	2.06033834e+01
   10	+2.6901249096885945e+03	7.04790585e+00
   11	+8.8761317061825946e+02	3.36986876e+00
   12	+7.9869636960102434e+02	3.51102394e+00
   13	+5.3109740957131669e+02	1.99528049e+00
   14	+4.7496499034521912e+02	2.25428959e+00
   15	+3.5169690518275763e+02	1.16526518e+00
   16	+2.4840569343261222e+02	1.46410233e+00
   17	+2.4257712647729926e+02	1.91664148e+00
   18	+2.2016081183444751e+02	1.77785098e+00
   19	+1.4592642209216535e+02	1.25502519e+00
   20	+1.2240085242547636e+02	1.59447385e+00
   21	+5.1544934285361734e+01	8.87848646e-01
   22	+5.0084474334971404e+01	1.14465439e+00
   23	+4.4431613639850639e+01	1.07129531e+00
   24	+2.5039403685734541e+01	7.72249726e-01
   25	+1.7308157294770904e+01	7.15240474e-01
   26	+1.2000602596718606e+00	1.24697208e-01
   27	+5.0598645388667252e-01	1.06318265e-01
   28	+4.7715512987507297e-01	1.24004133e-01
   29	+3.6970929956315179e-01	1.07083215e-01
   30	+8.5414526975190780e-02	3.71590230e-02
User defined stopfun criterion triggered. See options.stopfun.
Total time is 1.004640 [s] (excludes statsfun)


=============> beta: 6.561e-05 <==============
 iter	                cost val	     grad. norm
    0	+2.9483897987005173e+05	6.35046047e+01
    1	+2.9477548008018394e+05	6.34964295e+01
    2	+2.9452155812261946e+05	6.34638013e+01
    3	+2.9350711599778908e+05	6.33344549e+01
    4	+2.8946992460441770e+05	6.28360313e+01
    5	+2.7368167251116876e+05	6.11626870e+01
    6	+2.1619773212422698e+05	5.74202233e+01
    7	+7.1393353430777468e+04	3.64977857e+01
    8	+1.6282249161685431e+04	1.95768708e+01
    9	+1.1728647422417915e+04	2.06049874e+01
   10	+2.6931064352799708e+03	7.05341161e+00
   11	+8.8759513135459247e+02	3.36684575e+00
   12	+8.0091340713038721e+02	3.51998060e+00
   13	+5.3744874824622423e+02	2.04036307e+00
   14	+4.6173627938108723e+02	2.13263250e+00
   15	+3.4226622060828885e+02	1.20020921e+00
   16	+3.4073140886500011e+02	2.13450734e+00
   17	+3.3468294323196244e+02	2.07900552e+00
   18	+3.1180620337217874e+02	1.89063176e+00
   19	+2.3660628189457941e+02	1.38568213e+00
   20	+1.3732190312452138e+02	1.28961665e+00
   21	+9.4260435223256124e+01	1.30786278e+00
   22	+6.7111046987774230e+01	1.23247476e+00
   23	+2.6997168122516939e+01	6.53772453e-01
   24	+1.2413131656935752e+01	4.97577340e-01
   25	+9.6159431460076412e+00	5.50132300e-01
   26	+2.1961634918232757e+00	1.93888831e-01
   27	+1.0618839475904909e+00	1.53428823e-01
   28	+6.0262634638815737e-01	1.25964606e-01
   29	+1.5314968003226181e-01	3.50750946e-02
   30	+5.6577980870860869e-02	3.84175895e-02
User defined stopfun criterion triggered. See options.stopfun.
Total time is 0.913320 [s] (excludes statsfun)


=============> beta: 1.9683e-05 <==============
 iter	                cost val	     grad. norm
    0	+2.9483897987005173e+05	6.35046047e+01
    1	+2.9477548008018394e+05	6.34964295e+01
    2	+2.9452155812261946e+05	6.34638013e+01
    3	+2.9350711599778908e+05	6.33344549e+01
    4	+2.8946992460441770e+05	6.28360313e+01
    5	+2.7368167251116876e+05	6.11626870e+01
    6	+2.1619773212422698e+05	5.74202233e+01
    7	+7.1393408992191515e+04	3.64978036e+01
    8	+1.6282241317916809e+04	1.95768550e+01
    9	+1.1729403186935619e+04	2.06054686e+01
   10	+2.6940019720404507e+03	7.05506490e+00
   11	+8.8759051380945766e+02	3.36593932e+00
   12	+8.0157701626286348e+02	3.52265389e+00
   13	+5.3937844691638418e+02	2.05391501e+00
   14	+4.5800721593417182e+02	2.09601747e+00
   15	+3.4418869213186861e+02	1.27007758e+00
   16	+3.3047638545740261e+02	2.08812616e+00
   17	+2.8137872362939504e+02	1.73335060e+00
   18	+1.5957788294593928e+02	9.70942940e-01
   19	+1.1546788353586844e+02	1.27824053e+00
   20	+5.2491519442699513e+01	9.41257922e-01
   21	+3.0572953724077550e+01	6.30529464e-01
   22	+2.3616942527737642e+01	5.21478158e-01
   23	+1.6306287958560528e+01	4.28369745e-01
   24	+8.8057294810476350e+00	3.55738764e-01
   25	+2.4889086625494889e+00	1.98284890e-01
   26	+2.2628537282197421e+00	2.78943185e-01
   27	+1.4558002915482038e+00	2.19261495e-01
   28	+2.0801286537181241e-01	6.90782091e-02
   29	+6.9663847437938742e-02	2.78235166e-02
User defined stopfun criterion triggered. See options.stopfun.
Total time is 0.913956 [s] (excludes statsfun)


=============> beta: 0 <==============
 iter	                cost val	     grad. norm
    0	+2.9483897987005173e+05	6.35046047e+01
    1	+2.9477548008018394e+05	6.34964295e+01
    2	+2.9452155812261946e+05	6.34638013e+01
    3	+2.9350711599778908e+05	6.33344549e+01
    4	+2.8946992460441770e+05	6.28360313e+01
    5	+2.7368167251116876e+05	6.11626870e+01
    6	+2.1619773212422698e+05	5.74202233e+01
    7	+7.1393432804382755e+04	3.64978113e+01
    8	+1.6282237956284429e+04	1.95768482e+01
    9	+1.1729727104700383e+04	2.06056749e+01
   10	+2.6943859259673604e+03	7.05577367e+00
   11	+8.8758864749490090e+02	3.36555091e+00
   12	+8.0186120390656470e+02	3.52379763e+00
   13	+5.4020883050821226e+02	2.05972615e+00
   14	+4.5644355503801427e+02	2.08031595e+00
   15	+3.4563482813510029e+02	1.30596055e+00
   16	+3.2492207157274493e+02	2.06874085e+00
   17	+2.5434895989522551e+02	1.57625935e+00
   18	+1.4244045238777505e+02	1.21557299e+00
   19	+1.2633943515297298e+02	1.63834466e+00
   20	+7.4243714355925704e+01	1.04673122e+00
   21	+4.0980210522846278e+01	8.27523881e-01
   22	+2.2930967051210366e+01	7.28720875e-01
   23	+6.9863411302455898e+00	3.23681889e-01
   24	+6.6072575871379868e+00	4.75736376e-01
   25	+5.1854397576331790e+00	4.16476818e-01
   26	+1.2316078921426010e+00	1.67449104e-01
   27	+4.0769436916207091e-01	7.31220569e-02
   28	+3.7521192913939028e-01	1.10204620e-01
   29	+2.5824767968501183e-01	8.82718255e-02
   30	+4.8735644876614581e-02	2.17595580e-02
User defined stopfun criterion triggered. See options.stopfun.
Total time is 0.912348 [s] (excludes statsfun)