 iter	                cost val	     grad. norm
    0	+1.3732786258014873e+07	4.56426428e+12
    1	+1.3732786257967986e+07	4.56426428e+12
    2	+1.3732786257921111e+07	4.56426428e+12
    3	+1.3732786257874217e+07	4.56426428e+12
    4	+1.3732786257827319e+07	4.56426428e+12
    5	+1.3732786257780448e+07	4.56426428e+12
    6	+1.3732786257733557e+07	4.56426428e+12
    7	+1.3732786257686680e+07	4.56426428e+12
    8	+1.3732786257639762e+07	4.56426428e+12
    9	+1.3732786257592883e+07	4.56426428e+12
   10	+1.3732786257546011e+07	4.56426428e+12
   11	+1.3732786257499121e+07	4.56426428e+12
   12	+1.3732786257452242e+07	4.56426428e+12
   13	+1.3732786257405348e+07	4.56426428e+12
   14	+1.3732786257358477e+07	4.56426428e+12
   15	+1.3732786257311571e+07	4.56426428e+12
   16	+1.3732786257264685e+07	4.56426428e+12
   17	+1.3732786257217810e+07	4.56426428e+12
   18	+1.3732786257170916e+07	4.56426428e+12
   19	+1.3732786257124057e+07	4.56426428e+12
   20	+1.3732786257077141e+07	4.56426428e+12
   21	+1.3732786257030273e+07	4.56426428e+12
   22	+1.3732786256983388e+07	4.56426428e+12
   23	+1.3732786256936502e+07	4.56426428e+12
   24	+1.3732786256889619e+07	4.56426428e+12
   25	+1.3732786256842736e+07	4.56426428e+12
   26	+1.3732786256795842e+07	4.56426428e+12
   27	+1.3732786256748950e+07	4.56426428e+12
   28	+1.3732786256702077e+07	4.56426428e+12
   29	+1.3732786256655183e+07	4.56426428e+12
   30	+1.3732786256608315e+07	4.56426428e+12
   31	+1.3732786256561421e+07	4.56426428e+12
   32	+1.3732786256514536e+07	4.56426428e+12
   33	+1.3732786256467648e+07	4.56426428e+12
   34	+1.3732786256420765e+07	4.56426428e+12
   35	+1.3732786256373890e+07	4.56426428e+12
   36	+1.3732786256326992e+07	4.56426428e+12
   37	+1.3732786256280117e+07	4.56426428e+12
   38	+1.3732786256233234e+07	4.56426428e+12
   39	+1.3732786256186344e+07	4.56426428e+12
   40	+1.3732786256139468e+07	4.56426428e+12
   41	+1.3732786256092586e+07	4.56426428e+12
   42	+1.3732786256045692e+07	4.56426428e+12
   43	+1.3732786255998807e+07	4.56426428e+12
   44	+1.3732786255951924e+07	4.56426428e+12
   45	+1.3732786255905027e+07	4.56426428e+12
   46	+1.3732786255858161e+07	4.56426428e+12
   47	+1.3732786255811282e+07	4.56426428e+12
   48	+1.3732786255764382e+07	4.56426428e+12
   49	+1.3732786255717520e+07	4.56426428e+12
   50	+1.3732786255670609e+07	4.56426428e+12
   51	+1.3732786255623734e+07	4.56426428e+12
   52	+1.3732786255576856e+07	4.56426428e+12
   53	+1.3732786255529955e+07	4.56426428e+12
   54	+1.3732786255483078e+07	4.56426428e+12
   55	+1.3732786255436186e+07	4.56426428e+12
   56	+1.3732786255389314e+07	4.56426428e+12
   57	+1.3732786255342402e+07	4.56426428e+12
   58	+1.3732786255295545e+07	4.56426428e+12
   59	+1.3732786255248651e+07	4.56426428e+12
   60	+1.3732786255201751e+07	4.56426428e+12
   61	+1.3732786255154870e+07	4.56426428e+12
   62	+1.3732786255107969e+07	4.56426428e+12
   63	+1.3732786255061086e+07	4.56426428e+12
   64	+1.3732786255014213e+07	4.56426428e+12
   65	+1.3732786254967317e+07	4.56426428e+12
   66	+1.3732786254920445e+07	4.56426428e+12
   67	+1.3732786254873544e+07	4.56426428e+12
   68	+1.3732786254826671e+07	4.56426428e+12
   69	+1.3732786254779777e+07	4.56426428e+12
   70	+1.3732786254732911e+07	4.56426428e+12
   71	+1.3732786254686005e+07	4.56426428e+12
   72	+1.3732786254639123e+07	4.56426428e+12
   73	+1.3732786254592236e+07	4.56426428e+12
   74	+1.3732786254545344e+07	4.56426428e+12
   75	+1.3732786254498474e+07	4.56426428e+12
   76	+1.3732786254451595e+07	4.56426428e+12
   77	+1.3732786254404690e+07	4.56426428e+12
   78	+1.3732786254357811e+07	4.56426428e+12
   79	+1.3732786254310930e+07	4.56426428e+12
   80	+1.3732786254264040e+07	4.56426428e+12
   81	+1.3732786254217159e+07	4.56426428e+12
   82	+1.3732786254170282e+07	4.56426428e+12
   83	+1.3732786254123390e+07	4.56426428e+12
   84	+1.3732786254076498e+07	4.56426428e+12
   85	+1.3732786254029628e+07	4.56426428e+12
   86	+1.3732786253982734e+07	4.56426428e+12
   87	+1.3732786253935864e+07	4.56426428e+12
   88	+1.3732786253888961e+07	4.56426428e+12
   89	+1.3732786253842093e+07	4.56426428e+12
   90	+1.3732786253795203e+07	4.56426428e+12
   91	+1.3732786253748324e+07	4.56426428e+12
   92	+1.3732786253701456e+07	4.56426428e+12
   93	+1.3732786253654560e+07	4.56426428e+12
   94	+1.3732786253607675e+07	4.56426428e+12
   95	+1.3732786253560785e+07	4.56426428e+12
   96	+1.3732786253513906e+07	4.56426428e+12
   97	+1.3732786253467025e+07	4.56426428e+12
   98	+1.3732786253420131e+07	4.56426428e+12
   99	+1.3732786253373262e+07	4.56426428e+12
  100	+1.3732786253326379e+07	4.56426428e+12
  101	+1.3732786253279498e+07	4.56426428e+12
  102	+1.3732786253232617e+07	4.56426428e+12
  103	+1.3732786253185727e+07	4.56426428e+12
  104	+1.3732786253138844e+07	4.56426428e+12
  105	+1.3732786253091952e+07	4.56426428e+12
  106	+1.3732786253045063e+07	4.56426428e+12
  107	+1.3732786252998190e+07	4.56426428e+12
  108	+1.3732786252951315e+07	4.56426428e+12
  109	+1.3732786252904424e+07	4.56426428e+12
  110	+1.3732786252857529e+07	4.56426428e+12
  111	+1.3732786252810650e+07	4.56426428e+12
  112	+1.3732786252763771e+07	4.56426428e+12
  113	+1.3732786252716878e+07	4.56426428e+12
  114	+1.3732786252669999e+07	4.56426428e+12
  115	+1.3732786252623104e+07	4.56426428e+12
  116	+1.3732786252576217e+07	4.56426428e+12
  117	+1.3732786252529349e+07	4.56426428e+12
  118	+1.3732786252482478e+07	4.56426428e+12
  119	+1.3732786252435574e+07	4.56426428e+12
  120	+1.3732786252388690e+07	4.56426428e+12
  121	+1.3732786252341807e+07	4.56426428e+12
  122	+1.3732786252294935e+07	4.56426428e+12
  123	+1.3732786252248038e+07	4.56426428e+12
  124	+1.3732786252201162e+07	4.56426428e+12
  125	+1.3732786252154272e+07	4.56426428e+12
  126	+1.3732786252107386e+07	4.56426428e+12
  127	+1.3732786252060505e+07	4.56426428e+12
  128	+1.3732786252013605e+07	4.56426428e+12
  129	+1.3732786251966730e+07	4.56426428e+12
  130	+1.3732786251919836e+07	4.56426428e+12
  131	+1.3732786251872966e+07	4.56426428e+12
  132	+1.3732786251826085e+07	4.56426428e+12
  133	+1.3732786251779187e+07	4.56426428e+12
  134	+1.3732786251732331e+07	4.56426428e+12
  135	+1.3732786251685426e+07	4.56426428e+12
  136	+1.3732786251638532e+07	4.56426428e+12
  137	+1.3732786251591653e+07	4.56426428e+12
  138	+1.3732786251544764e+07	4.56426428e+12
  139	+1.3732786251497895e+07	4.56426428e+12
  140	+1.3732786251451006e+07	4.56426428e+12
  141	+1.3732786251404122e+07	4.56426428e+12
  142	+1.3732786251357228e+07	4.56426428e+12
  143	+1.3732786251310339e+07	4.56426428e+12
  144	+1.3732786251263468e+07	4.56426428e+12
  145	+1.3732786251216574e+07	4.56426428e+12
  146	+1.3732786251169700e+07	4.56426428e+12
  147	+1.3732786251122802e+07	4.56426428e+12
  148	+1.3732786251075916e+07	4.56426428e+12
  149	+1.3732786251029035e+07	4.56426428e+12
  150	+1.3732786250982150e+07	4.56426428e+12
  151	+1.3732786250935264e+07	4.56426428e+12
  152	+1.3732786250888364e+07	4.56426428e+12
  153	+1.3732786250841493e+07	4.56426428e+12
  154	+1.3732786250794606e+07	4.56426428e+12
  155	+1.3732786250747722e+07	4.56426428e+12
  156	+1.3732786250700846e+07	4.56426428e+12
  157	+1.3732786250653956e+07	4.56426428e+12
  158	+1.3732786250607064e+07	4.56426428e+12
  159	+1.3732786250560196e+07	4.56426428e+12
  160	+1.3732786250513304e+07	4.56426428e+12
  161	+1.3732786250466421e+07	4.56426428e+12
  162	+1.3732786250419529e+07	4.56426428e+12
  163	+1.3732786250372658e+07	4.56426428e+12
  164	+1.3732786250325777e+07	4.56426428e+12
  165	+1.3732786250278890e+07	4.56426428e+12
  166	+1.3732786250232000e+07	4.56426428e+12
  167	+1.3732786250185117e+07	4.56426428e+12
  168	+1.3732786250138234e+07	4.56426428e+12
  169	+1.3732786250091355e+07	4.56426428e+12
  170	+1.3732786250044473e+07	4.56426428e+12
  171	+1.3732786249997582e+07	4.56426428e+12
  172	+1.3732786249950694e+07	4.56426428e+12
  173	+1.3732786249903802e+07	4.56426428e+12
  174	+1.3732786249856912e+07	4.56426428e+12
  175	+1.3732786249810033e+07	4.56426428e+12
  176	+1.3732786249763150e+07	4.56426428e+12
  177	+1.3732786249716263e+07	4.56426428e+12
  178	+1.3732786249669371e+07	4.56426428e+12
  179	+1.3732786249622487e+07	4.56426428e+12
  180	+1.3732786249575598e+07	4.56426428e+12
  181	+1.3732786249528717e+07	4.56426428e+12
  182	+1.3732786249481838e+07	4.56426428e+12
  183	+1.3732786249434952e+07	4.56426428e+12
  184	+1.3732786249388058e+07	4.56426428e+12
  185	+1.3732786249341184e+07	4.56426428e+12
  186	+1.3732786249294288e+07	4.56426428e+12
  187	+1.3732786249247413e+07	4.56426428e+12
  188	+1.3732786249200532e+07	4.56426428e+12
  189	+1.3732786249153640e+07	4.56426428e+12
  190	+1.3732786249106750e+07	4.56426428e+12
  191	+1.3732786249059873e+07	4.56426428e+12
  192	+1.3732786249012981e+07	4.56426428e+12
  193	+1.3732786248966090e+07	4.56426428e+12
  194	+1.3732786248919200e+07	4.56426428e+12
  195	+1.3732786248872340e+07	4.56426428e+12
  196	+1.3732786248825444e+07	4.56426428e+12
  197	+1.3732786248778556e+07	4.56426428e+12
  198	+1.3732786248731671e+07	4.56426428e+12
  199	+1.3732786248684784e+07	4.56426428e+12
  200	+1.3732786248637907e+07	4.56426428e+12
  201	+1.3732786248591008e+07	4.56426428e+12
  202	+1.3732786248544149e+07	4.56426428e+12
  203	+1.3732786248497250e+07	4.56426428e+12
  204	+1.3732786248450369e+07	4.56426428e+12
  205	+1.3732786248403471e+07	4.56426428e+12
  206	+1.3732786248356588e+07	4.56426428e+12
  207	+1.3732786248309698e+07	4.56426428e+12
  208	+1.3732786248262819e+07	4.56426428e+12
  209	+1.3732786248215925e+07	4.56426428e+12
  210	+1.3732786248169057e+07	4.56426428e+12
  211	+1.3732786248122167e+07	4.56426428e+12
  212	+1.3732786248075292e+07	4.56426428e+12
  213	+1.3732786248028394e+07	4.56426428e+12
  214	+1.3732786247981509e+07	4.56426428e+12
  215	+1.3732786247934630e+07	4.56426428e+12
  216	+1.3732786247887753e+07	4.56426427e+12
  217	+1.3732786247840863e+07	4.56426427e+12
  218	+1.3732786247793991e+07	4.56426427e+12
  219	+1.3732786247747093e+07	4.56426427e+12
  220	+1.3732786247700218e+07	4.56426427e+12
  221	+1.3732786247653324e+07	4.56426427e+12
  222	+1.3732786247606445e+07	4.56426427e+12
  223	+1.3732786247559549e+07	4.56426427e+12
  224	+1.3732786247512670e+07	4.56426427e+12
  225	+1.3732786247465797e+07	4.56426427e+12
  226	+1.3732786247418897e+07	4.56426427e+12
  227	+1.3732786247372013e+07	4.56426427e+12
  228	+1.3732786247325122e+07	4.56426427e+12
  229	+1.3732786247278245e+07	4.56426427e+12
  230	+1.3732786247231362e+07	4.56426427e+12
  231	+1.3732786247184487e+07	4.56426427e+12
  232	+1.3732786247137595e+07	4.56426427e+12
  233	+1.3732786247090701e+07	4.56426427e+12
  234	+1.3732786247043833e+07	4.56426427e+12
  235	+1.3732786246996922e+07	4.56426427e+12
  236	+1.3732786246950047e+07	4.56426427e+12
  237	+1.3732786246903162e+07	4.56426427e+12
  238	+1.3732786246856278e+07	4.56426427e+12
  239	+1.3732786246809388e+07	4.56426427e+12
  240	+1.3732786246762494e+07	4.56426427e+12
  241	+1.3732786246715618e+07	4.56426427e+12
  242	+1.3732786246668730e+07	4.56426427e+12
  243	+1.3732786246621851e+07	4.56426427e+12
  244	+1.3732786246574976e+07	4.56426427e+12
  245	+1.3732786246528089e+07	4.56426427e+12
  246	+1.3732786246481204e+07	4.56426427e+12
  247	+1.3732786246434312e+07	4.56426427e+12
  248	+1.3732786246387418e+07	4.56426427e+12
  249	+1.3732786246340550e+07	4.56426427e+12
  250	+1.3732786246293658e+07	4.56426427e+12
Max iteration count reached. See options.maxiter.
Total time is 202.879579 [s] (excludes statsfun)